code,name,industry,area,pe,outstanding,totals,totalAssets,liquidAssets,fixedAssets,reserved,reservedPerShare,esp,bvps,pb,timeToMarket,undp,perundp,rev,profit,gpr,npr,holders
600470,六国化工,农药化肥,安徽,0.0,5.22,5.22,597957.63,238568.8,225759.47,126267.7,2.42,-0.10400000000000001,2.65,1.68,20040305,-55208.0,-1.06,15.28,-148.95,7.34,-6.83,40517.0
600354,敦煌种业,种植业,甘肃,0.0,5.28,5.28,198220.47,119354.57,50184.01,89895.68,1.7,-0.067,1.26,4.6,20040115,-79429.13,-1.5,122.75,14.26,10.99,-18.59,59030.0
300279,和晶科技,元器件,江苏,59.15,4.26,4.49,246218.67,124689.92,35361.53,100027.65,2.23,0.025,2.06,2.91,20111229,-50139.78,-1.12,4.54,-58.12,18.24,3.16,19794.0
300018,中元股份,电气设备,湖北,171.63,3.69,4.83,116625.71,87038.11,5653.6,61441.01,1.27,0.009000000000000001,2.09,3.09,20091030,-11317.42,-0.23,-11.66,-16.05,52.62,7.37,33658.0
600736,苏州高新,园区开发,江苏,17.09,11.51,11.51,4004918.0,3317104.5,172289.09,155327.45,1.35,0.122,5.35,1.55,19960815,286532.47,2.49,238.5,0.25,33.72,4.53,74544.0
000795,英洛华,矿物制品,山西,77.08,8.86,11.34,278574.5,195062.88,59672.55,107166.2,0.95,0.027999999999999997,1.96,4.37,19970808,-3516.15,-0.03,25.6,82.84,20.86,6.45,90054.0
300277,海联讯,软件服务,深圳,335.45,3.34,3.35,77236.06,73179.09,825.14,8288.05,0.25,0.006,1.43,5.19,20111123,4414.62,0.13,146.79,188.49,24.94,4.88,14580.0
600242,中昌数据,软件服务,广东,170.47,3.04,4.57,385722.88,146447.02,544.75,209994.45,4.6,0.016,4.62,2.32,20001207,-47732.71,-1.05,57.66,-42.25,9.21,0.91,38977.0
002503,搜于特,服饰,广东,20.63,19.95,30.93,1021329.0,784347.81,90913.0,82330.15,0.27,0.035,1.74,1.64,20101117,141478.2,0.46,-38.73,-32.36,8.82,3.35,58111.0
600198,大唐电信,通信设备,北京,0.0,8.8,8.82,722619.0,366729.38,53181.83,367929.41,4.17,-0.177,0.05,282.38,19981021,-456218.09,-5.17,-38.52,-1.77,34.77,-44.88,68270.0
002169,智光电气,电气设备,广东,166.96,7.52,7.88,505880.91,319515.06,98208.25,154181.77,1.96,0.01,3.55,1.79,20070919,44796.01,0.57,18.14,-44.27,17.51,1.4,53396.0
300775,三角防务,航空,陕西,31.0,0.5,4.96,175730.44,114036.1,58881.65,56235.21,1.13,0.111,3.18,4.31,20190521,37559.51,0.76,0.0,0.0,44.42,33.26,94362.0
600635,大众公用,供气供热,上海,40.9,24.19,29.52,2214443.5,530752.19,445260.69,120715.52,0.41,0.042,2.64,2.61,19930304,258680.42,0.88,11.62,348.25,10.61,7.3,223108.0
603663,三祥新材,矿物制品,福建,34.56,0.7,1.9,93351.74,44393.8,29336.84,17950.05,0.94,0.10099999999999999,2.93,4.75,20160801,21565.99,1.14,17.32,-9.65,23.37,11.27,12940.0
002806,华锋股份,元器件,广东,0.0,0.58,1.76,179128.34,60895.18,29377.74,81937.43,4.65,-0.017,7.14,2.54,20160726,25390.1,1.44,-0.55,-179.13,24.1,-2.84,20415.0
300240,飞力达,仓储物流,江苏,142.46,3.65,3.66,236129.05,141455.98,32692.6,19811.1,0.54,0.013999999999999999,2.94,2.8,20110706,47993.26,1.31,-5.66,-62.96,9.76,0.68,16537.0
603189,网达软件,软件服务,上海,92.16,1.1,2.21,90201.5,63982.98,11761.5,37235.12,1.69,0.048,3.6,4.93,20160914,18725.32,0.85,86.47,256.48,48.27,17.68,24853.0
603363,傲农生物,饲料,福建,142.95,1.84,4.36,353743.03,136519.0,128461.11,25932.65,0.59,0.04,1.91,11.94,20170926,20536.89,0.47,-1.21,23.62,14.72,1.3,23956.0
300707,威唐工业,专用机械,江苏,50.19,0.77,1.57,82065.63,51443.53,21109.85,24594.42,1.56,0.07,4.05,3.68,20171010,21294.84,1.35,-26.13,-62.15,44.81,10.6,15088.0
002140,东华科技,建筑施工,安徽,40.3,4.4,4.46,614441.5,454977.0,18173.48,9064.36,0.2,0.069,4.79,2.32,20070712,139136.55,3.12,5.73,17.68,17.75,7.18,30500.0
